 a_first_1=   4.2246738314214360E-003
 a_first_2=  0.88089298789216919     
 a_first_3=   1.0261443135161352     
 a_final_1=   1.7230888781804621E-002
 a_final_2=  0.54160930828524445     
 a_final_3=   3.2305871777396278     
